% -------------------------------------------------------------------
%  Generated by MATLAB on 13-Oct-2023 14:55:11
%  MATLAB version: 9.4.0.813654 (R2018a)
% -------------------------------------------------------------------
                                        

colorCode = 'r';

colorName = 'Unknown';

costPerMile = 0.25;

counter = 3;

distance = 15;

factorialValue = 2;

greeting = 'Hello, Alice!';

i = 10;

mode = 'car';

myCell = cell(1, 5);
myCell{1} = 42;
myCell{2} = 'Hello';
myCell{3} = 3.1415926535897931;
myCell{4} = [1 2 3];
myCell{5} = true;

myName = 'Alice';

num = 2;

num_even = 22;

number = 7;

person = struct;
person.name = 'John';
person.age = 30;
person.city = 'New York';

totalCost = 3.75;

x = [0 0.063466518254339258 0.12693303650867852 0.19039955476301776 0.25386607301735703 ...
     0.31733259127169627 0.38079910952603552 0.44426562778037476 0.50773214603471406 ...
     0.5711986642890533 0.63466518254339255 0.69813170079773168 0.761598219052071 ...
     0.82506473730641039 0.88853125556074952 0.95199777381508877 1.0154642920694281 ...
     1.0789308103237674 1.1423973285781066 1.2058638468324459 1.2693303650867851 ...
     1.3327968833411243 1.3962634015954634 1.4597299198498028 1.5231964381041421 ...
     1.5866629563584815 1.6501294746128208 1.7135959928671598 1.777062511121499 ...
     1.8405290293758385 1.9039955476301775 1.9674620658845168 2.0309285841388562 ...
     2.0943951023931953 2.1578616206475347 2.2213281389018737 2.2847946571562132 ...
     2.3482611754105527 2.4117276936648917 2.4751942119192307 2.53866073017357 ...
     2.6021272484279092 2.6655937666822487 2.7290602849365877 2.7925268031909267 ...
     2.8559933214452666 2.9194598396996057 2.9829263579539451 3.0463928762082841 ...
     3.1098593944626232 3.1733259127169631 3.2367924309713021 3.3002589492256416 ...
     3.3637254674799806 3.4271919857343196 3.4906585039886591 3.5541250222429981 ...
     3.6175915404973371 3.681058058751677 3.744524577006016 3.8079910952603551 ...
     3.8714576135146945 3.9349241317690336 3.9983906500233735 4.0618571682777125 ...
     4.1253236865320515 4.1887902047863905 4.25225672304073 4.3157232412950695 ...
     4.3791897595494085 4.4426562778037475 4.5061227960580874 4.5695893143124264 ...
     4.6330558325667655 4.6965223508211054 4.7599888690754444 4.8234553873297834 ...
     4.8869219055841224 4.9503884238384614 5.0138549420928014 5.07732146034714 ...
     5.1407879786014794 5.2042544968558184 5.2677210151101583 5.3311875333644974 ...
     5.3946540516188364 5.4581205698731754 5.5215870881275144 5.5850536063818534 ...
     5.6485201246361942 5.7119866428905333 5.7754531611448723 5.8389196793992113 ...
     5.90238619765355 5.96585271590789 6.0293192341622293 6.0927857524165683 ...
     6.1562522706709073 6.2197187889252463 6.2831853071795862];

y = [0 0.0634239196565645 0.12659245357374926 0.18925124436041019 0.25114798718107922 ...
     0.31203344569848707 0.37166245566032752 0.42979491208917159 0.48619673610046871 ...
     0.54064081745559756 0.5929079290546404 0.64278760968653925 0.69007901148211193 ...
     0.73459170865753332 0.77614646429175682 0.81457595205033562 0.84972542994951439 ...
     0.88145336344758207 0.90963199535451833 0.93414786026510666 0.95490224144407387 ...
     0.97181156832354165 0.984807753012208 0.99383846446125412 0.998867339183008 ...
     0.99987412767387507 0.99685477595194238 0.9898214418809328 0.97880244621477874 ...
     0.963842158559942 0.94500081871466857 0.92235429410458147 0.89599377429133586 ...
     0.86602540378443871 0.8325698546347714 0.79576184053083232 0.75574957435425838 ...
     0.71269417137886271 0.66676900051629162 0.6181589862206055 0.56705986386277085 ...
     0.51367739157340664 0.45822652172741052 0.400930535406614 0.34202014332566932 ...
     0.28173255684142967 0.22031053278654081 0.15800139597334989 0.09505604330418288 ...
     0.0317279334980681 -0.031727933498067858 -0.09505604330418263 -0.15800139597335008 ...
     -0.22031053278654056 -0.28173255684142939 -0.34202014332566866 -0.40093053540661339 ...
     -0.45822652172740991 -0.51367739157340642 -0.56705986386277063 -0.618158986220605 ...
     -0.66676900051629151 -0.7126941713788626 -0.75574957435425838 -0.7957618405308321 ...
     -0.83256985463477129 -0.86602540378443849 -0.895993774291336 -0.92235429410458136 ...
     -0.94500081871466834 -0.96384215855994193 -0.97880244621477874 -0.98982144188093268 ...
     -0.99685477595194227 -0.99987412767387507 -0.998867339183008 -0.99383846446125412 ...
     -0.98480775301220813 -0.97181156832354187 -0.95490224144407387 -0.93414786026510677 ...
     -0.90963199535451855 -0.88145336344758241 -0.84972542994951439 -0.81457595205033584 ...
     -0.77614646429175715 -0.73459170865753376 -0.6900790114821127 -0.64278760968654025 ...
     -0.59290792905464018 -0.54064081745559744 -0.48619673610046882 -0.42979491208917192 ...
     -0.37166245566032807 -0.31203344569848707 -0.25114798718107939 -0.18925124436041063 ...
     -0.12659245357374993 -0.063423919656565408 -2.4492935982947064E-16 ...
     ];

